version https://git-lfs.github.com/spec/v1
oid sha256:c659b66988a9ccb126665abca58de3da0ef5cd245db731200ae38dd898967492
size 106581571
